	X		Y
   1.3034942e+00  -1.0886092e+00
  -1.3074638e+00   1.9930071e+00
  -3.2100121e-02   2.4134996e-01
  -1.0949444e+00  -2.5349632e-01
   4.3028892e-01   2.8028588e-01
   7.2936336e-01   5.0521860e-01
   1.3525728e+00   3.5378885e-01
   1.1421063e+00  -8.1244708e-01
  -6.9705689e-01  -9.3567363e-01
  -1.5461032e-01  -3.0236596e-01
   1.2132655e+00   5.5643395e-01
  -6.7215000e-02   1.1481928e+00
  -1.4884466e+00  -2.7714232e-01
  -9.7283458e-01  -1.0292105e-01
   1.3830970e+00   2.1032719e+00
   1.3444220e+00   2.1845409e+00
   7.4854796e-01  -2.7390895e+00
  -2.3957867e+00  -6.9877870e-01
   1.1752368e+00  -9.2957643e-02
   6.5320964e-01  -1.2058443e-01
  -5.9008092e-01  -8.3787926e-02
   1.1103455e+00   9.4382225e-01
   7.2282427e-01  -9.3035311e-01
   4.8477660e-01   8.5562103e-01
   2.0002802e+00   4.1021419e-01
  -1.8851398e+00   1.4812287e-01
   1.5956905e+00  -1.0948269e-01
  -9.2776462e-01   4.6145641e-01
   2.1660410e+00   6.3687753e-01
  -1.1082693e+00  -9.1841589e-01
  -1.6220225e+00  -8.0156262e-01
   7.2303079e-01   5.0250844e-01
  -8.5250661e-01   5.3617407e-01
  -6.3102150e-01  -6.4176112e-01
  -2.2388277e+00   6.4400089e-01
  -8.2798578e-01   1.6450466e+00
  -1.5407196e+00  -8.1397650e-01
  -1.1856079e-01  -6.1059322e-01
  -1.3951241e-01   8.5726302e-01
  -2.0186217e-01   3.6091319e-01
   7.3966987e-01   1.1734475e+00
  -1.9020028e+00  -1.6397632e-02
  -2.1985861e+00  -1.4872231e-01
  -7.7580266e-01  -1.6022458e+00
  -1.9620626e-01  -1.1536814e+00
   2.7467866e+00  -1.2823565e+00
   1.7985481e-02   2.2029498e+00
   9.8415001e-01  -2.6177034e-01
  -1.8937631e-01  -6.2446034e-01
  -2.5076373e+00   4.5785212e-01
  -6.0514475e-01   1.3941406e+00
   5.1160113e-01   9.2677297e-01
  -9.7384399e-01   2.4154669e+00
  -2.0630318e+00   9.7809569e-01
   8.8040801e-01  -1.4073104e-01
   2.2703622e+00   1.3198342e+00
   1.2129560e+00   5.5323801e-02
   2.0938196e+00  -1.7650800e+00
   5.5348890e-01  -1.1460443e+00
  -3.5663784e-01   1.6156899e-01
   1.7577079e-01  -2.7860179e-01
   3.5524002e-01  -7.0778619e-01
   1.3760318e-01  -2.5406174e-01
   2.1896941e-01   2.1438136e+00
   1.4818840e+00  -2.5437596e-02
  -1.0929237e+00  -2.3637659e-01
  -4.4644954e-01   8.9127650e-03
  -1.3833876e+00  -1.5354944e-01
  -7.9921106e-01  -3.2996811e-01
   7.6060594e-01  -5.9777779e-01
  -5.1879144e-01  -7.5383013e-01
  -1.6353495e+00  -1.0636195e+00
  -7.3464368e-01   8.3660279e-01
  -3.9033762e-01  -1.4822272e+00
  -1.2888198e+00   1.2746098e+00
   9.0760796e-01   2.0477774e+00
   2.2072022e-01  -1.4038755e+00
   3.2007453e-01   1.9241664e-02
  -3.8182807e-01  -1.3520746e+00
   4.0177878e-01  -3.0731269e-01
   3.0882169e-01  -4.7917261e-01
   3.9146403e-01  -1.6124769e+00
   1.6328603e-01   9.8762937e-02
   6.2610364e-01  -1.1142964e+00
  -2.8441176e-01   2.9841314e-01
  -8.1520169e-01  -1.2700402e-01
   1.2613588e+00  -6.7731769e-01
  -1.4551125e+00   2.6911496e-01
  -4.0885190e-02  -5.0825759e-01
   1.8257206e+00   4.0152735e-01
   4.9731310e-01  -5.9820236e-01
   2.1185524e+00   3.1013218e-02
  -6.6574704e-01   7.9538777e-01
  -1.1227390e+00   1.5940591e+00
  -6.4770839e-01   4.6241415e-01
  -8.5363521e-01   2.0599099e+00
  -5.5748640e-02   8.7947704e-01
   8.5589269e-01  -8.2543792e-01
   2.4803778e-01   1.3298677e-01
  -5.7476207e-01  -5.3603447e-01
  -2.0055706e-01   9.3995423e-01
  -2.7888402e+00  -4.3008808e-01
   1.0792890e+00  -6.6094431e-01
  -1.2917620e-01  -2.4248748e-01
   1.9452180e+00   1.8250019e-01
   4.4254408e-01   7.8689753e-01
   6.0592974e-01   9.6278921e-01
   1.3811865e+00  -8.8788092e-02
  -1.1195162e+00   1.8966913e+00
   7.2739949e-01  -4.6009902e-01
  -2.5289379e-01   3.3979222e-01
   5.3006824e-01   4.3114770e-02
   3.0399073e-01  -5.1306931e-01
  -7.2457574e-01   2.1539092e-02
  -1.3917234e-01  -2.0584984e-01
   1.2855242e+00   1.9465348e+00
  -1.4921660e+00   2.0396332e+00
   2.5108750e-02  -3.5086766e-01
   4.0905614e-01   1.3466242e+00
   4.3826743e-01   8.4516501e-01
  -9.3803978e-03  -3.8992819e-01
   4.4067418e-01   2.9162930e-01
   1.2268008e+00   9.1479638e-02
   1.3804738e+00   1.0130021e+00
  -8.6101554e-01  -6.4170216e-01
  -5.4120204e-01  -3.4208699e-01
   8.1252286e-01  -3.9570084e-01
   1.1476302e-01  -9.8723493e-01
  -1.4039678e+00  -6.2876056e-01
   1.0291353e+00   7.9829772e-01
  -4.2716753e-01   1.1040092e-01
   4.4173513e-01  -1.4727579e+00
  -1.2851436e+00  -9.5530447e-03
   4.6660669e-01  -9.0183217e-01
  -3.2770365e-01   8.0932251e-02
  -1.0011663e+00  -4.3113929e-01
   3.7368606e-01  -2.7946850e+00
  -5.3267549e-01   8.7582184e-01
   1.2285503e+00  -1.9512029e+00
  -1.1200706e+00  -1.1792802e-01
  -9.7280167e-02  -1.7558029e+00
   1.7082323e-01   1.4427245e-01
  -2.0144767e+00  -7.1227695e-01
  -9.3945594e-01  -1.9599734e-02
  -1.9140532e-01   5.1361036e-01
   4.3990364e-01   1.1902660e+00
   1.5345974e+00  -7.4199965e-01
   4.7507049e-01   1.6948537e+00
   1.1545685e+00   4.3802214e-01
   1.0735474e+00   5.3813196e-01
   2.4861978e-01  -1.3148869e+00
   2.5974222e-01  -4.4364964e-01
   1.2070496e+00   1.7134620e-01
  -2.0255783e-01   2.2153203e-01
  -4.6262546e-01  -2.1137923e-01
  -3.5810537e-01  -6.5780511e-01
  -4.1958525e-01  -1.2378395e+00
  -1.6273054e+00   1.3381552e+00
   2.1088212e-01  -1.5661024e+00
   4.1187239e-01   1.0630592e-01
  -4.8996924e-01  -6.8863207e-01
  -1.6719573e-01   1.1355204e-01
   9.8187494e-01   5.6925524e-01
   5.5858474e-01  -1.4351152e+00
  -8.2984933e-01   1.2013064e+00
  -1.1517571e+00  -4.2856538e-01
   1.7360702e+00  -1.6327246e-01
   7.7159512e-01  -1.1941533e+00
   2.0024417e+00   4.0043272e-01
   4.5696552e-01   4.7430890e-01
  -5.6730870e-01   2.6009616e-01
   1.3780367e-01   5.2535677e-01
   7.9952760e-02  -1.1836153e+00
   4.0997973e-01  -5.8709392e-02
   1.0498170e+00   6.6373273e-01
   9.6517138e-01  -3.0053537e-01
   3.3775513e-01  -7.1700015e-01
  -1.2943398e+00   1.1327667e+00
   2.4154546e-01  -1.9307649e-01
  -5.0083162e-01   1.1919347e+00
   8.1041591e-01   3.8782804e-01
   2.0124737e-01  -9.7950516e-01
   2.2284629e-01   9.6660956e-01
  -1.9292167e+00  -2.8013555e-01
   1.8396490e+00   1.1534279e+00
  -3.2452810e-01   9.8433925e-01
  -1.5547731e+00  -1.5424384e+00
   3.6929363e-01   1.2049217e+00
   8.2446389e-01   6.5043621e-01
  -8.3780863e-01   1.8762152e+00
   4.8095304e-01   1.1564932e-01
  -2.3675015e-01  -3.2182489e-01
   7.6853170e-02   1.3188212e+00
   1.5735169e+00   3.2324155e-01
  -5.3213645e-01   2.4386910e-01
   1.9421520e+00   1.2362078e-01
  -4.3942197e-02   1.5692124e+00
  -5.6663483e-02   1.1085974e-01
  -3.2556963e-01  -1.2804669e+00
   3.3186723e-01  -3.6150979e-01
   2.1394263e-01   7.6391517e-01
   6.0942585e-01   5.9165717e-01
  -1.7363554e+00  -2.0374896e-01
   8.5626296e-02  -1.8296820e-01
   1.6579354e-01   1.3405245e+00
   1.8494102e+00   6.3237586e-01
   5.0198236e-01   4.2066878e-01
  -5.7738819e-01  -3.4267547e-01
   3.1184594e+00   3.5509276e-01
   3.4092094e-01   8.2916697e-01
  -3.2869095e-01   4.4418875e-01
  -9.4017942e-01  -5.6383630e-02
   6.3828183e-01  -4.1897623e-01
  -1.4636968e+00  -7.4027885e-01
   5.6181566e-01  -9.5149009e-01
  -2.1020442e+00   1.5121172e-01
  -2.8714622e-01   8.6460683e-01
   6.8807425e-02   2.1252882e-01
   1.2012617e-01  -2.0360401e-01
  -5.3859543e-01  -4.9630876e-01
  -1.5947380e+00   7.3173464e-02
   7.2285481e-01   4.6234057e-01
   1.7145267e-01  -3.2563311e-01
  -5.2500915e-01   6.5984895e-01
   9.0550097e-01   1.2872292e-01
   1.4958048e+00  -7.6026328e-01
   8.5450329e-01   1.3506134e+00
  -4.2415515e-01   1.1377702e+00
   1.2690159e-01   8.1614214e-01
  -1.3228869e+00  -2.0946871e+00
   1.2809965e+00   1.5733533e-01
   7.2879057e-01  -2.2498687e+00
   1.4975834e+00  -8.7352051e-01
  -7.2448140e-01   4.7554144e-01
  -2.9275989e-01   2.0010091e+00
  -7.8745120e-01   1.3316416e+00
   1.2941963e+00   4.6646740e-02
  -9.3163271e-01  -3.1292980e-01
   8.4195294e-01   4.8369790e-01
  -1.5862176e+00   2.1471222e+00
   1.4275754e-01   6.5259143e-01
   4.3320196e-01  -1.0475636e+00
   1.7322483e-01  -4.1661505e-01
  -8.3850118e-01   7.4240956e-01
   2.2506986e-01   7.1607559e-01
   3.2903765e-01  -5.1872502e-01
  -1.2762959e+00   7.5021008e-01
   1.5349541e+00  -2.5304253e-01
   3.5806071e-01  -3.7311547e-01
  -1.3753905e+00   8.2086510e-01
   1.1401064e-01  -1.6039819e+00
  -7.3866537e-01  -6.6941688e-01
   5.1804623e-01  -1.3167759e-01
   2.7229849e-01  -1.2446661e+00
  -1.2158062e+00  -1.5086497e+00
  -8.5794739e-01  -1.3603517e+00
   2.2717732e+00   2.1248718e-01
   3.3872785e-01   1.5601544e+00
  -7.8191917e-01   1.6770307e+00
   9.1391894e-01  -2.9494879e-01
  -6.4213289e-02  -8.6925175e-01
  -1.3853647e+00   1.2324343e+00
  -1.4842621e+00  -4.6170897e-01
  -3.1396850e-01  -3.1599163e-01
   1.0543213e-01  -1.6315688e+00
  -1.3568153e+00  -5.5905508e-01
  -3.8427871e-01  -2.2867416e+00
  -1.9505318e+00   7.8772604e-01
   7.7948727e-01  -1.3240154e+00
   1.9022084e+00  -5.7553429e-01
   1.5407861e+00   7.3239766e-01
  -6.4606840e-01   8.2445008e-02
  -3.8290191e-02   1.2008666e+00
   4.9852872e-01   1.0024292e-01
  -2.8706115e-02  -3.3446490e-01
   2.0359142e-01   9.3064546e-01
   1.3842634e+00  -4.0581860e-01
  -1.8900418e+00  -7.8648505e-01
   1.2398850e+00  -9.2832187e-01
   7.7043848e-01  -2.5747871e-01
  -2.2790432e+00  -5.6447233e-02
   1.0718925e+00  -8.4317280e-01
  -1.6804623e-01  -1.1182616e+00
  -1.0264115e+00  -3.7313274e-01
   4.2641191e-01   2.1218949e-01
   8.3973020e-01   3.3033749e-01
   1.9199016e-01  -2.6759325e-02
  -3.0077988e-01  -2.5258199e-01
   1.6416678e+00   2.6203806e-01
   5.8066890e-01   7.8493105e-01
  -7.1309047e-01  -1.2617599e+00
   3.5154453e-01   9.7068441e-01
   1.5503378e-01   3.1716968e-01
   2.9115694e-01   9.4850871e-04
  -2.2957990e+00   1.5755568e+00
  -1.0579450e+00   4.3894396e-01
  -1.8518617e+00   9.0452696e-01
  -3.6801314e-01  -1.7872933e-01
   1.6558002e+00  -3.4195702e-01
   1.0038645e+00  -1.7404624e-01
  -1.3482848e+00  -4.4794906e-01
   9.4054078e-01   6.5787539e-01
  -9.7579458e-01  -9.8166530e-01
  -6.3678394e-01   2.2214201e-01
  -6.6769084e-01  -1.1445745e-01
  -2.6752662e+00   1.2335318e+00
   5.6506576e-01   1.0103793e+00
   2.5641965e-01  -2.4161613e-01
   1.0774472e+00   4.3492966e-01
  -4.6364108e-01   3.0363515e-01
  -9.3748139e-01   9.2917290e-02
  -3.6537716e-01  -8.2368714e-01
   2.8451883e-01   5.3204027e-01
  -1.1869327e+00  -3.4658190e-01
  -3.7947855e-01  -5.1729377e-01
  -2.0331327e+00  -1.0486550e+00
  -3.8325268e-02   4.8394783e-01
  -2.5084262e+00  -4.6257736e-01
   1.4347334e+00   1.5271247e+00
  -5.6860587e-01   1.2057729e+00
  -2.1863213e+00  -6.2901971e-01
  -7.4625996e-01  -7.8929417e-01
  -1.6550609e+00   4.3859281e-01
   1.7074369e+00   1.1790150e-01
  -1.9684154e+00  -7.2125923e-01
  -1.7563967e+00   5.8045187e-01
   7.6374588e-01   1.0601074e-01
  -4.7808625e-01  -2.0479312e-01
  -3.2705802e+00  -5.5612353e-01
   3.4099960e-02  -7.8892516e-01
   5.1411475e-02  -3.3195120e-01
   8.6034325e-02  -8.3154798e-01
  -6.4034659e-01  -5.6835444e-01
   2.6555544e-01   5.6752072e-01
   2.9312129e-01  -1.6373130e-02
   1.5704451e+00   4.4648574e-01
   1.9656697e+00  -1.6280412e-01
  -1.8889834e+00  -4.2545872e-01
   9.1212919e-01   1.5003623e+00
   1.7887608e+00   6.5868043e-01
  -3.5640195e-01   1.0183112e+00
  -2.3613019e-01   5.2441575e-01
   1.1846864e+00   6.0990484e-01
  -6.5585007e-01   8.7444239e-01
  -1.1313896e-01   9.5803456e-01
  -5.2916204e-02   4.4240490e-01
  -8.3266978e-01   1.7607896e+00
  -1.2298790e+00  -1.0449727e+00
  -9.2738914e-01   3.3131419e-01
   1.3428607e+00   2.5900354e-01
   1.8273598e+00  -9.3379231e-01
   4.6832709e-01  -1.5272764e-02
  -6.4100964e-01   3.6940045e-01
  -9.9152998e-01   5.5790305e-01
  -1.6610643e+00   2.6391508e-01
  -1.3041383e+00  -2.3927785e-01
  -1.1560780e+00   6.7072623e-02
  -7.9404358e-02  -2.6070721e+00
   9.3394355e-02  -8.2663357e-02
  -1.7054504e+00  -1.0371092e-01
  -1.6517420e+00   1.2191721e-01
  -2.0678539e+00  -8.5132088e-02
   4.0431788e-01   2.1308602e-01
  -8.9651713e-01   1.7034449e+00
  -1.5030928e-01  -4.4696688e-01
   1.6598353e+00   1.6609880e+00
  -5.9166128e-01   7.3955782e-01
  -5.0886096e-01   2.5215626e-01
  -1.1382867e-01  -3.3478277e-01
   6.0203950e-01   3.2488699e-01
  -1.7494228e+00   4.6053477e-01
  -1.2776310e+00  -4.1699494e-01
  -1.2576805e+00  -4.7486250e-01
  -3.0351418e-01  -1.2536393e+00
  -7.2676527e-01   9.6335448e-02
   6.6034822e-01  -2.4290315e-01
   2.1974523e+00  -1.6663571e+00
   4.6873696e-01   4.9731058e-01
  -1.0288927e+00   4.1561455e-01
  -3.6791729e-01  -9.4807262e-01
   7.7330472e-01  -1.0656320e+00
   1.3017242e+00   5.4296520e-01
   8.3865802e-01  -5.6485339e-01
  -1.7925742e+00  -4.4081503e-01
  -6.1629255e-01   6.8012740e-01
   4.7935811e-01  -1.2266873e+00
  -3.9544341e-01   1.7991820e+00
  -1.4088587e+00   6.4626682e-02
  -6.6748773e-01  -8.8184875e-01
   2.7461775e-01   1.1227468e+00
   6.2278135e-02   1.9190676e-01
  -1.1558382e+00   9.0489211e-01
  -1.1827374e-01  -4.7505954e-01
  -8.0989300e-01   4.0055692e-01
   3.0593453e-01   5.2694896e-01
  -2.2095822e+00   3.1389310e-01
   1.6664479e+00   1.5203036e+00
   2.6593573e-01  -1.5610954e+00
  -1.9556924e-01   8.7418606e-01
   1.0616208e+00  -9.5985855e-01
  -3.4613682e-01  -1.5101163e+00
  -1.1456107e+00  -4.8748538e-01
   4.5036618e-01  -1.4515055e-01
   1.3728562e+00  -5.5290584e-01
   5.4786435e-01  -1.1600724e+00
   2.3521969e-02  -1.2807522e+00
   2.4252526e+00   4.0126620e-01
   1.5956666e-02  -3.0121762e-01
   2.4745583e+00   2.5812108e-01
  -4.1839524e-03   8.7041557e-02
  -2.2047047e-01   9.6867941e-02
  -1.8985955e-01  -1.2754608e-02
  -2.1652327e-01   1.5719187e+00
  -4.8777962e-01   2.1596529e-01
   9.4022835e-01   5.4468284e-01
   1.2916195e+00  -3.1603001e-01
   9.2984345e-02   5.9578809e-01
  -1.5779672e-01   6.2808551e-01
   5.8370890e-01   5.7390836e-01
   4.8745349e-01   5.4954858e-01
  -1.1269109e+00  -4.9674867e-01
   2.8464850e-01  -1.4774458e-01
   8.3757091e-01  -7.8093997e-01
  -4.0399034e-01   1.7965726e-01
   6.4206649e-01  -6.4413171e-01
   3.0279647e-01  -1.4567256e+00
   1.3163292e+00   3.6316908e-01
   1.1279051e+00   6.6458870e-01
   1.1058507e+00   3.4352400e-01
  -1.1204305e+00  -9.7925129e-03
  -7.2977600e-02  -1.3793003e+00
   2.3416528e-01  -1.2944849e+00
   1.2323366e+00  -1.7990046e-01
  -3.3321763e-01   9.6283202e-01
   4.1109950e-01   1.4892564e-01
  -1.4226347e-01   4.8208737e-01
  -1.9109191e-01  -4.6810449e-01
   6.1072392e-01  -2.0241096e+00
   6.0781798e-01   5.3358906e-01
  -7.2016133e-01   4.3515624e-01
  -1.1688684e-01  -1.4389662e+00
   3.6498691e-02   4.8435542e-01
   6.7662944e-01  -1.4698453e+00
  -8.6407004e-01  -7.5217301e-02
   9.2570431e-01  -1.0923619e+00
  -5.7937456e-01   1.2274031e+00
   7.6778435e-01   4.0887547e-01
  -5.2808166e-02   8.9580089e-01
   7.8280028e-01   6.0527150e-01
   2.0010528e-01  -8.6813158e-01
  -9.4862703e-01  -1.0684575e+00
   4.0021952e-01  -3.2812689e-01
  -1.0159607e+00   4.2106982e-01
  -1.7205502e+00  -9.3849235e-01
   5.8040942e-01   5.6921306e-01
  -3.3256827e-01  -7.1312156e-02
   8.2806106e-01  -4.7291296e-01
   7.9407476e-01  -1.5453819e-01
   1.0291689e+00   1.1687220e+00
  -9.8631892e-01   1.6349154e+00
   9.4337252e-01   1.4114003e-01
   3.7815726e-02  -1.6305225e+00
  -1.0132974e+00  -9.4702600e-01
   9.8134860e-01  -1.9676524e+00
   1.5760776e+00  -1.2393774e+00
  -1.1990827e+00  -1.5044859e+00
   6.8282903e-01   5.0578572e-01
   4.5230325e-01  -3.7442931e-01
  -9.6241696e-01   2.4012018e-01
   1.7218608e+00   3.3465213e-01
  -2.3874801e+00  -9.9697434e-01
  -1.3341160e+00  -1.7906512e+00
  -8.1424301e-01  -3.7515883e-01
  -5.5622780e-01   8.3311342e-01
  -3.3346908e-01   7.8938961e-02
  -5.6770242e-01  -6.9144019e-01
  -9.5134357e-01  -9.4376559e-02
  -1.9445428e+00   2.2124683e-01
   2.1290693e-01   1.5212352e+00
  -9.0029295e-01  -4.2643546e-01
   1.7916386e+00  -1.0140038e+00
  -8.0127166e-01  -9.1062681e-01
  -7.3734384e-01  -1.6328521e+00
  -1.2062280e+00  -1.1312778e+00
   2.5247718e+00  -5.4132494e-02
   1.4757221e-01  -9.8332316e-01
  -6.0475528e-02  -2.2472633e+00
  -5.8303231e-01   1.0909205e+00
  -3.8704295e-01   6.7047841e-01
  -2.2789379e+00  -2.2235795e+00
  -1.7337120e+00   9.9715266e-01
  -3.1523124e-02  -9.4285091e-01
  -1.1712402e+00  -4.1736174e-03
   6.9829822e-02  -1.1623716e+00
   7.8848869e-01   1.8480570e-01
   7.0735276e-01   2.2634263e-01
  -2.8257733e-01   2.7147337e-01
   3.0829066e-01  -9.3345141e-02
  -1.4768112e+00  -1.2495161e+00
   3.1185843e+00   3.9191349e-02
   2.9252535e+00   7.3535123e-02
   2.9779005e+00   1.1231742e-01
   3.1009271e+00   1.5600101e-01
   2.9883370e+00   1.8801023e-01
   2.9665974e+00   2.2410100e-01
   2.9125633e+00   2.5686531e-01
   2.8721438e+00   2.8971605e-01
   2.7874009e+00   3.1659864e-01
   3.0021442e+00   3.7925901e-01
   2.8913250e+00   4.0223324e-01
   3.1123306e+00   4.7291850e-01
   2.9377974e+00   4.8424227e-01
   2.9356942e+00   5.2186958e-01
   3.1290301e+00   5.9689441e-01
   2.9061003e+00   5.9230927e-01
   2.9745447e+00   6.4529335e-01
   2.8897298e+00   6.6502208e-01
   2.9131985e+00   7.0908401e-01
   3.0562858e+00   7.8472082e-01
   2.8127937e+00   7.6000343e-01
   3.0067233e+00   8.5308455e-01
   3.0449105e+00   9.0541306e-01
   2.7870740e+00   8.6700975e-01
   2.8387543e+00   9.2236717e-01
   2.8229854e+00   9.5662627e-01
   2.9184033e+00   1.0300227e+00
   2.8343329e+00   1.0405854e+00
   2.8222374e+00   1.0765790e+00
   2.7307926e+00   1.0811973e+00
   2.7434318e+00   1.1262822e+00
   2.7655617e+00   1.1761906e+00
   2.7944652e+00   1.2301763e+00
   2.6346437e+00   1.1995658e+00
   2.7026819e+00   1.2717856e+00
   2.5979637e+00   1.2626243e+00
   2.8488047e+00   1.4290636e+00
   2.7859959e+00   1.4416564e+00
   2.5427330e+00   1.3565526e+00
   2.5090108e+00   1.3793404e+00
   2.5362286e+00   1.4360980e+00
   2.6789552e+00   1.5616940e+00
   2.5502403e+00   1.5299168e+00
   2.3979106e+00   1.4798237e+00
   2.5187136e+00   1.5984243e+00
   2.5449987e+00   1.6603300e+00
   2.5955285e+00   1.7401802e+00
   2.5266448e+00   1.7404134e+00
   2.3288403e+00   1.6476907e+00
   2.5111778e+00   1.8244775e+00
   2.4030798e+00   1.7925057e+00
   2.3951927e+00   1.8339141e+00
   2.2934355e+00   1.8021646e+00
   2.1732414e+00   1.7523326e+00
   2.1896534e+00   1.8114388e+00
   2.2220181e+00   1.8857423e+00
   2.3983338e+00   2.0877812e+00
   2.1265964e+00   1.8987268e+00
   2.2312869e+00   2.0431653e+00
   2.0669001e+00   1.9409484e+00
   2.1804251e+00   2.0997364e+00
   2.1380581e+00   2.1113579e+00
   2.0936985e+00   2.1201753e+00
   2.1086007e+00   2.1896300e+00
   2.1431061e+00   2.2821762e+00
   2.1015645e+00   2.2950631e+00
   2.0256223e+00   2.2687208e+00
   2.0315074e+00   2.3336895e+00
   1.9025999e+00   2.2418820e+00
   1.9186818e+00   2.3192879e+00
   1.8685543e+00   2.3173795e+00
   1.8458793e+00   2.3490669e+00
   1.9279865e+00   2.5180564e+00
   1.8125631e+00   2.4299692e+00
   1.7478520e+00   2.4057120e+00
   1.6589632e+00   2.3447728e+00
   1.7237001e+00   2.5023813e+00
   1.7100630e+00   2.5506078e+00
   1.6262396e+00   2.4927441e+00
   1.6737641e+00   2.6374301e+00
   1.5059597e+00   2.4402615e+00
   1.5234568e+00   2.5394721e+00
   1.5225358e+00   2.6117826e+00
   1.4392299e+00   2.5417597e+00
   1.4885661e+00   2.7076916e+00
   1.3446553e+00   2.5204327e+00
   1.3556441e+00   2.6197774e+00
   1.2970584e+00   2.5856556e+00
   1.3260387e+00   2.7284446e+00
   1.2727452e+00   2.7047211e+00
   1.2606118e+00   2.7687209e+00
   1.1921326e+00   2.7080452e+00
   1.1711206e+00   2.7536407e+00
   1.1908100e+00   2.9006105e+00
   1.0913275e+00   2.7563787e+00
   1.0216666e+00   2.6782852e+00
   1.0483611e+00   2.8555122e+00
   9.7221949e-01   2.7546272e+00
   9.6092243e-01   2.8356633e+00
   8.8492526e-01   2.7235199e+00
   8.6843586e-01   2.7916583e+00
   8.9036275e-01   2.9942962e+00
   8.1241593e-01   2.8633855e+00
   7.9446040e-01   2.9403199e+00
   7.3120205e-01   2.8478439e+00
   7.0683649e-01   2.9039648e+00
   7.1711160e-01   3.1160751e+00
   6.5750076e-01   3.0308160e+00
   6.0351727e-01   2.9610911e+00
   5.5958968e-01   2.9334718e+00
   5.3367410e-01   3.0020986e+00
   4.9536201e-01   3.0052585e+00
   4.5886142e-01   3.0198194e+00
   4.0944180e-01   2.9431414e+00
   3.8586703e-01   3.0544521e+00
   3.4461306e-01   3.0340457e+00
   2.7973495e-01   2.7731947e+00
   2.7140536e-01   3.0774311e+00
   2.2826684e-01   3.0217439e+00
   1.9120392e-01   3.0390993e+00
   1.4897440e-01   2.9612550e+00
   1.0850806e-01   2.8769019e+00
   7.0678443e-02   2.8116138e+00
   3.7520927e-02   2.9856633e+00
   1.8210576e-16   2.9740127e+00
  -3.6991859e-02   2.9435637e+00
  -7.2719831e-02   2.8928209e+00
  -1.1311504e-01   2.9990482e+00
  -1.5280553e-01   3.0374087e+00
  -1.8433826e-01   2.9299727e+00
  -2.3228081e-01   3.0748799e+00
  -2.6736874e-01   3.0316603e+00
  -3.0241473e-01   2.9980341e+00
  -3.4282144e-01   3.0182720e+00
  -3.8050252e-01   3.0119876e+00
  -4.2258552e-01   3.0376208e+00
  -4.6932908e-01   3.0887082e+00
  -5.1161288e-01   3.1038492e+00
  -5.4381999e-01   3.0591727e+00
  -5.7942011e-01   3.0374266e+00
  -5.9826207e-01   2.9353070e+00
  -6.3261178e-01   2.9160877e+00
  -6.9886632e-01   3.0367936e+00
  -7.1366814e-01   2.9320320e+00
  -7.4780059e-01   2.9124910e+00
  -7.6475583e-01   2.8303825e+00
  -8.1866994e-01   2.8854279e+00
  -8.2981074e-01   2.7906594e+00
  -8.9445203e-01   2.8752895e+00
  -8.9094554e-01   2.7420484e+00
  -9.8070008e-01   2.8940267e+00
  -1.0007398e+00   2.8354348e+00
  -1.0392406e+00   2.8306700e+00
  -1.0674066e+00   2.7981920e+00
  -1.1035104e+00   2.7871492e+00
  -1.0694872e+00   2.6050887e+00
  -1.1893889e+00   2.7965946e+00
  -1.1837560e+00   2.6890170e+00
  -1.2336558e+00   2.7095166e+00
  -1.2459453e+00   2.6477684e+00
  -1.3711786e+00   2.8213242e+00
  -1.4012805e+00   2.7934199e+00
  -1.3521083e+00   2.6129446e+00
  -1.3868428e+00   2.5995092e+00
  -1.5083680e+00   2.7437112e+00
  -1.4389179e+00   2.5412086e+00
  -1.4667487e+00   2.5160846e+00
  -1.6308801e+00   2.7185376e+00
  -1.5543068e+00   2.5186032e+00
  -1.6082411e+00   2.5341825e+00
  -1.6356221e+00   2.5071259e+00
  -1.7086468e+00   2.5484955e+00
  -1.7490964e+00   2.5392504e+00
  -1.7422902e+00   2.4625470e+00
  -1.7581919e+00   2.4199436e+00
  -1.9336847e+00   2.5923481e+00
  -1.8712915e+00   2.4440096e+00
  -1.8755172e+00   2.3867841e+00
  -1.7521919e+00   2.1730670e+00
  -1.8805803e+00   2.2732310e+00
  -1.8624386e+00   2.1945589e+00
  -1.9765113e+00   2.2705128e+00
  -2.0880103e+00   2.3385962e+00
  -2.1838909e+00   2.3849695e+00
  -1.9813237e+00   2.1098954e+00
  -2.0655220e+00   2.1448959e+00
  -2.0191272e+00   2.0446611e+00
  -2.1937133e+00   2.1663181e+00
  -2.2294276e+00   2.1469255e+00
  -2.1780745e+00   2.0453481e+00
  -2.2056403e+00   2.0196810e+00
  -2.1081444e+00   1.8822520e+00
  -2.1807305e+00   1.8983546e+00
  -2.3698860e+00   2.0112321e+00
  -2.2983030e+00   1.9013216e+00
  -2.2269148e+00   1.7956106e+00
  -2.3682706e+00   1.8609695e+00
  -2.2851804e+00   1.7496816e+00
  -2.4141839e+00   1.8007884e+00
  -2.4212122e+00   1.7591136e+00
  -2.4137269e+00   1.7077493e+00
  -2.5190999e+00   1.7352162e+00
  -2.5642789e+00   1.7192288e+00
  -2.3687661e+00   1.5453577e+00
  -2.4816843e+00   1.5749247e+00
  -2.4561589e+00   1.5157705e+00
  -2.3733736e+00   1.4238126e+00
  -2.6291729e+00   1.5326734e+00
  -2.5382312e+00   1.4372320e+00
  -2.5851431e+00   1.4211944e+00
  -2.4830267e+00   1.3246991e+00
  -2.5927967e+00   1.3416825e+00
  -2.7583621e+00   1.3836943e+00
  -2.6250455e+00   1.2757862e+00
  -2.7315503e+00   1.2853700e+00
  -2.7241477e+00   1.2403174e+00
  -2.7170009e+00   1.1960751e+00
  -2.7966081e+00   1.1893946e+00
  -2.7610084e+00   1.1334981e+00
  -2.7463556e+00   1.0873591e+00
  -2.7444814e+00   1.0469180e+00
  -2.8784894e+00   1.0567969e+00
  -2.7457092e+00   9.6907196e-01
  -2.9742397e+00   1.0078819e+00
  -2.8870617e+00   9.3806321e-01
  -2.9892281e+00   9.2989634e-01
  -2.9264664e+00   8.7019337e-01
  -2.8981944e+00   8.2229213e-01
  -2.8083847e+00   7.5881212e-01
  -2.8761424e+00   7.3846787e-01
  -3.0719317e+00   7.4772029e-01
  -2.9792105e+00   6.8561456e-01
  -2.8460286e+00   6.1741326e-01
  -2.8491782e+00   5.8070765e-01
  -3.0082812e+00   5.7386033e-01
  -2.9221979e+00   5.1947039e-01
  -2.6805283e+00   4.4183616e-01
  -2.8226352e+00   4.2889930e-01
  -3.1083209e+00   4.3242111e-01
  -2.9597008e+00   3.7389717e-01
  -3.1172962e+00   3.5406881e-01
  -3.0125613e+00   3.0388011e-01
  -2.8841592e+00   2.5436030e-01
  -2.9513332e+00   2.2294792e-01
  -2.9742653e+00   1.8712491e-01
  -3.0841166e+00   1.5515531e-01
  -3.0051689e+00   1.1334590e-01
  -3.0821768e+00   7.7479867e-02
  -2.9801352e+00   3.7451455e-02
  -2.9897724e+00   3.6614152e-16
  -2.9570745e+00  -3.7161650e-02
  -2.9896211e+00  -7.5153197e-02
  -2.9168635e+00  -1.1001529e-01
  -2.9512154e+00  -1.4846933e-01
  -2.8523040e+00  -1.7945176e-01
  -3.0088791e+00  -2.2729502e-01
  -3.1522294e+00  -2.7800199e-01
  -3.0269542e+00  -3.0533193e-01
  -3.0184031e+00  -3.4283633e-01
  -2.7717931e+00  -3.5015890e-01
  -2.8665065e+00  -3.9878056e-01
  -3.0744698e+00  -4.6716555e-01
  -2.9302136e+00  -4.8299222e-01
  -3.0424253e+00  -5.4084285e-01
  -3.0415575e+00  -5.8020812e-01
  -2.8505983e+00  -5.8099709e-01
  -3.0384157e+00  -6.5914943e-01
  -3.0490567e+00  -7.0168846e-01
  -3.1129615e+00  -7.5770711e-01
  -2.9872402e+00  -7.6699293e-01
  -2.9245463e+00  -7.9019844e-01
  -2.8702026e+00  -8.1435013e-01
  -2.7952570e+00  -8.3117785e-01
  -2.8754309e+00  -8.9449602e-01
  -3.0303354e+00  -9.8461566e-01
  -2.6353483e+00  -8.9304162e-01
  -2.9742812e+00  -1.0497443e+00
  -2.8938870e+00  -1.0624499e+00
  -2.8448661e+00  -1.0852110e+00
  -2.7131904e+00  -1.0742281e+00
  -2.6635269e+00  -1.0934783e+00
  -2.7680077e+00  -1.1772309e+00
  -2.7005993e+00  -1.1888548e+00
  -2.6144477e+00  -1.1903705e+00
  -2.6195262e+00  -1.2326555e+00
  -2.7843784e+00  -1.3532228e+00
  -2.8518070e+00  -1.4305697e+00
  -2.7707188e+00  -1.4337511e+00
  -2.6622777e+00  -1.4203299e+00
  -2.6738757e+00  -1.4699756e+00
  -2.5221270e+00  -1.4281133e+00
  -2.5954719e+00  -1.5130275e+00
  -2.4579086e+00  -1.4745260e+00
  -2.4658424e+00  -1.5217465e+00
  -2.5467408e+00  -1.6162108e+00
  -2.5234709e+00  -1.6462854e+00
  -2.3746379e+00  -1.5920834e+00
  -2.4847555e+00  -1.7115590e+00
  -2.5461007e+00  -1.8014058e+00
  -2.4382963e+00  -1.7715260e+00
  -2.4656018e+00  -1.8391421e+00
  -2.2861514e+00  -1.7504251e+00
  -2.2238458e+00  -1.7474815e+00
  -2.2692052e+00  -1.8297103e+00
  -2.2110352e+00  -1.8291274e+00
  -2.2038403e+00  -1.8703154e+00
  -2.3258331e+00  -2.0246683e+00
  -2.3906275e+00  -2.1344664e+00
  -2.1468407e+00  -1.9658389e+00
  -2.2288373e+00  -2.0930176e+00
  -2.0205297e+00  -1.9457581e+00
  -2.1475247e+00  -2.1207063e+00
  -2.2197116e+00  -2.2477820e+00
  -2.0319531e+00  -2.1100370e+00
  -2.0167221e+00  -2.1475909e+00
  -1.9974706e+00  -2.1813848e+00
  -1.8884157e+00  -2.1150479e+00
  -2.1284273e+00  -2.4450259e+00
  -1.9060803e+00  -2.2459829e+00
  -2.0080898e+00  -2.4273636e+00
  -1.9035244e+00  -2.3607494e+00
  -1.7885531e+00  -2.2761135e+00
  -1.8327423e+00  -2.3936622e+00
  -1.6945215e+00  -2.2717197e+00
  -1.7507095e+00  -2.4096449e+00
  -1.6982251e+00  -2.4002654e+00
  -1.7059195e+00  -2.4765683e+00
  -1.6582415e+00  -2.4733145e+00
  -1.6664590e+00  -2.5543934e+00
  -1.6002808e+00  -2.5216390e+00
  -1.6178099e+00  -2.6215038e+00
  -1.5138592e+00  -2.5234737e+00
  -1.5503014e+00  -2.6594121e+00
  -1.4986514e+00  -2.6467013e+00
  -1.4388821e+00  -2.6173169e+00
  -1.4142269e+00  -2.6508383e+00
  -1.3692215e+00  -2.6460157e+00
  -1.3074217e+00  -2.6063145e+00
  -1.3279909e+00  -2.7324614e+00
  -1.2728223e+00  -2.7048850e+00
  -1.2306612e+00  -2.7029394e+00
  -1.1863352e+00  -2.6948758e+00
  -1.1951714e+00  -2.8101910e+00
  -1.1412858e+00  -2.7799778e+00
  -1.0665307e+00  -2.6937490e+00
  -1.0416977e+00  -2.7307965e+00
  -1.0441141e+00  -2.8439443e+00
  -9.6971338e-01  -2.7475266e+00
  -9.4456561e-01  -2.7873946e+00
  -8.9375411e-01  -2.7506923e+00
  -8.6521241e-01  -2.7812963e+00
  -8.6584278e-01  -2.9118354e+00
  -8.2600924e-01  -2.9112955e+00
  -7.5325175e-01  -2.7878056e+00
  -7.0473047e-01  -2.7447440e+00
  -7.2592531e-01  -2.9823893e+00
  -6.5014959e-01  -2.8251041e+00
  -6.0298995e-01  -2.7795429e+00
  -5.7052717e-01  -2.7992288e+00
  -5.5553194e-01  -2.9122004e+00
  -5.2074043e-01  -2.9293424e+00
  -4.8933583e-01  -2.9686990e+00
  -4.6516375e-01  -3.0612957e+00
  -4.0690659e-01  -2.9249179e+00
  -3.7906424e-01  -3.0006025e+00
  -3.4922232e-01  -3.0746266e+00
  -3.0838996e-01  -3.0572704e+00
  -2.8314443e-01  -3.2105389e+00
  -2.1240155e-01  -2.8117228e+00
  -1.9608760e-01  -3.1167231e+00
  -1.4466508e-01  -2.8755960e+00
  -1.1147970e-01  -2.9556899e+00
  -7.3987918e-02  -2.9432659e+00
  -3.6712335e-02  -2.9213210e+00
  -5.5096861e-16  -2.9993334e+00
   3.6813424e-02  -2.9293650e+00
   7.5207800e-02  -2.9917932e+00
   1.1810910e-01  -3.1314568e+00
   1.4298088e-01  -2.8421182e+00
   1.9368616e-01  -3.0785533e+00
   2.3087717e-01  -3.0562987e+00
   2.6776621e-01  -3.0361672e+00
   3.0089824e-01  -2.9830002e+00
   3.2329682e-01  -2.8463731e+00
   3.8512381e-01  -3.0485689e+00
   4.0482589e-01  -2.9099614e+00
   4.7191985e-01  -3.1057584e+00
   4.8069672e-01  -2.9162873e+00
   5.1111622e-01  -2.8752029e+00
   5.8012075e-01  -3.0410995e+00
   5.3383203e-01  -2.6191881e+00
   6.4865151e-01  -2.9900245e+00
   6.9192894e-01  -3.0066485e+00
   7.2472516e-01  -2.9774585e+00
   7.7796718e-01  -3.0299821e+00
   7.6988261e-01  -2.8493569e+00
   8.5738386e-01  -3.0218763e+00
   8.4959270e-01  -2.8571862e+00
   8.9170014e-01  -2.8664433e+00
   9.0754745e-01  -2.7931438e+00
   9.0595430e-01  -2.6734534e+00
   9.5442703e-01  -2.7042151e+00
   1.0293458e+00  -2.8037185e+00
   1.0862512e+00  -2.8475928e+00
   1.1394169e+00  -2.8778385e+00
   1.0611016e+00  -2.5846628e+00
   1.2946421e+00  -3.0440753e+00
   1.1616030e+00  -2.6386942e+00
   1.2388497e+00  -2.7209240e+00
   1.2500347e+00  -2.6564590e+00
   1.2111239e+00  -2.4919971e+00
   1.3593760e+00  -2.7098842e+00
   1.4223317e+00  -2.7486510e+00
   1.3366710e+00  -2.5054668e+00
   1.3569750e+00  -2.4683284e+00
   1.4677744e+00  -2.5921708e+00
   1.4962078e+00  -2.5666192e+00
   1.6178615e+00  -2.6968366e+00
   1.4956003e+00  -2.4234750e+00
   1.6090500e+00  -2.5354572e+00
   1.5955035e+00  -2.4456309e+00
   1.6827345e+00  -2.5098466e+00
   1.7814392e+00  -2.5862041e+00
   1.7792141e+00  -2.5147351e+00
   1.6995444e+00  -2.3392222e+00
   1.7290353e+00  -2.3179898e+00
   1.9727868e+00  -2.5765680e+00
   1.9100235e+00  -2.4306968e+00
   1.9062058e+00  -2.3640749e+00
   1.8596379e+00  -2.2479161e+00
   1.9706524e+00  -2.3220699e+00
   1.9351687e+00  -2.2230206e+00
   1.9699596e+00  -2.2063780e+00
   2.1385454e+00  -2.3354489e+00
   2.0059628e+00  -2.1361334e+00
   2.0326780e+00  -2.1107898e+00
   2.1674593e+00  -2.1948689e+00
   2.0295045e+00  -2.0041599e+00
   2.1289807e+00  -2.0501957e+00
   2.1037447e+00  -1.9755478e+00
   2.2678443e+00  -2.0766406e+00
   2.3257488e+00  -2.0765395e+00
   2.2733064e+00  -1.9789432e+00
   2.3747914e+00  -2.0153951e+00
   2.2941389e+00  -1.8978768e+00
   2.3136517e+00  -1.8655485e+00
   2.4179909e+00  -1.9000393e+00
   2.3172977e+00  -1.7742727e+00
   2.3992458e+00  -1.7896458e+00
   2.4875927e+00  -1.8073419e+00
   2.3569991e+00  -1.6676135e+00
   2.5168019e+00  -1.7336334e+00
   2.5155473e+00  -1.6865566e+00
   2.5539912e+00  -1.6661966e+00
   2.5561785e+00  -1.6222002e+00
   2.7370405e+00  -1.6891111e+00
   2.6203117e+00  -1.5719534e+00
   2.6543027e+00  -1.5473228e+00
   2.6919464e+00  -1.5242707e+00
   2.6315728e+00  -1.4467194e+00
   2.7390451e+00  -1.4612854e+00
   2.6953318e+00  -1.3947409e+00
   2.8096411e+00  -1.4094177e+00
   2.8060684e+00  -1.3637642e+00
   2.9325312e+00  -1.3799444e+00
   2.5804893e+00  -1.1749091e+00
   2.9361571e+00  -1.2925518e+00
   2.9052090e+00  -1.2355824e+00
   2.6980683e+00  -1.1076588e+00
   2.8756598e+00  -1.1385543e+00
   2.6474573e+00  -1.0099069e+00
   2.8814322e+00  -1.0578773e+00
   2.9413017e+00  -1.0381045e+00
   2.8015631e+00  -9.4936688e-01
   2.9190689e+00  -9.4846299e-01
   3.0044834e+00  -9.3464199e-01
   2.9451213e+00  -8.7574046e-01
   2.8261415e+00  -8.0184886e-01
   2.9595300e+00  -7.9965087e-01
   3.0026947e+00  -7.7096096e-01
   2.9682687e+00  -7.2248831e-01
   3.0167291e+00  -6.9424883e-01
   2.9069612e+00  -6.3063190e-01
   3.0227803e+00  -6.1609050e-01
   3.0250614e+00  -5.7706132e-01
   3.0972116e+00  -5.5058205e-01
   2.8417466e+00  -4.6841005e-01
   2.9303482e+00  -4.4526629e-01
   3.0838905e+00  -4.2902243e-01
   3.1888162e+00  -4.0284116e-01
   2.9081121e+00  -3.3030926e-01
   2.9375203e+00  -2.9631065e-01
   2.8707948e+00  -2.5318166e-01
   3.0984096e+00  -2.3405828e-01
   3.0997626e+00  -1.9502053e-01
   3.1052238e+00  -1.5621716e-01
   3.0620881e+00  -1.1549272e-01
   2.9870243e+00  -7.5087920e-02
   2.9539156e+00  -3.7121952e-02
   2.8980149e+00  -1.8209004e-02
   2.8317692e+00  -6.9358342e-16
